start: 60
rooms: [1, 1, 1, 1, 0, 0, 0, 0, 3, 1, 1, 0, 1, 1, 0, 0, 0, 0, 3, 0, 2, 3, 1, 3, 3, 0, 2, 1, 3, 3, 1, 2, 3, 3, 3, 0, 2, 2, 2, 3, 2, 1, 2, 0, 2, 1, 0, 0, 3, 2, 0, 3, 0, 2, 1, 1, 2, 3, 1, 2, 0, 2, 3, 3, 1, 3, 3, 0, 1, 2, 1, 3, 1, 1, 0, 3, 2, 2, 1, 2, 1, 2, 0, 0, 3, 0, 0, 2, 2, 1]
graph: [[1, 2, 3, 4, 5, 6], [0, 7, 8, 9, 10, 11], [12, 0, 13, 14, 15, 16], [0, 17, 18, 19, 20, 21], [22, 7, 23, 0, 24, 25], [26, 27, 28, 29, 30, 0], [0, 13, 31, 32, 33, 30], [34, 1, 35, 4, 36, 8], [21, 7, 13, 1, 36, 19], [1, 37, 38, 15, 26, 14], [39, 25, 1, 39, 40, 41], [31, 1, 42, 43, 44, 25], [2, 35, 21, 22, 45, 46], [2, 47, 48, 6, 49, 8], [9, 50, 51, 2, 28, 52], [53, 9, 24, 32, 54, 2], [2, 55, 56, 57, 21, 58], [3, 49, 59, 42, 46, 60], [61, 62, 3, 32, 63, 56], [64, 3, 36, 29, 8, 54], [65, 47, 56, 3, 66, 44], [33, 50, 3, 12, 56, 16], [12, 53, 44, 67, 53, 4], [68, 62, 4, 68, 69, 60], [48, 51, 4, 70, 57, 15], [11, 61, 58, 53, 4, 10], [5, 27, 52, 71, 72, 9], [73, 26, 59, 5, 37, 74], [75, 39, 14, 72, 29, 5], [19, 28, 48, 5, 76, 30], [77, 5, 78, 6, 29, 52], [11, 75, 50, 33, 49, 6], [6, 62, 18, 15, 79, 58], [8, 35, 55, 73, 31, 6], [80, 81, 7, 82, 53, 60], [66, 12, 50, 74, 56, 33], [46, 48, 7, 8, 81, 19], [67, 9, 83, 66, 70, 27], [65, 9, 84, 49, 43, 85], [10, 28, 74, 10, 40, 86], [39, 61, 69, 87, 72, 10], [65, 78, 10, 53, 62, 69], [78, 17, 61, 63, 57, 11], [55, 81, 38, 79, 11, 86], [63, 22, 63, 20, 47, 11], [51, 52, 12, 51, 69, 70], [36, 12, 76, 17, 59, 52], [13, 20, 44, 76, 85, 82], [77, 24, 13, 29, 84, 36], [63, 17, 31, 13, 71, 38], [71, 73, 7, 14, 31, 21], [45, 24, 14, 45, 87, 82], [46, 77, 30, 26, 14, 45], [15, 22, 25, 34, 41, 22], [88, 15, 80, 19, 57, 83], [64, 43, 75, 16, 81, 33], [85, 18, 35, 21, 20, 16], [16, 24, 75, 67, 42, 54], [61, 67, 89, 16, 32, 25], [84, 27, 65, 81, 17, 46], [23, 89, 71, 17, 34, 60], [42, 89, 18, 25, 58, 40], [18, 23, 74, 41, 32, 67], [18, 44, 72, 42, 44, 49], [73, 64, 55, 74, 67, 19], [75, 59, 41, 76, 38, 20], [78, 20, 35, 86, 37, 82], [37, 22, 62, 57, 58, 64], [23, 83, 73, 23, 87, 72], [23, 88, 87, 40, 41, 45], [84, 89, 45, 37, 24, 87], [89, 49, 50, 60, 26, 86], [63, 80, 68, 26, 28, 40], [64, 50, 33, 27, 68, 85], [27, 35, 39, 64, 62, 83], [88, 28, 55, 57, 65, 31], [89, 47, 77, 65, 29, 46], [76, 80, 48, 52, 30, 87], [66, 88, 42, 30, 41, 86], [80, 43, 88, 84, 32, 85], [34, 77, 79, 54, 72, 82], [84, 43, 36, 55, 34, 59], [51, 80, 34, 47, 66, 82], [85, 88, 54, 37, 74, 68], [48, 38, 70, 79, 59, 81], [56, 73, 79, 47, 38, 83], [39, 78, 66, 43, 71, 86], [51, 77, 40, 69, 70, 68], [79, 78, 75, 83, 54, 69], [71, 61, 76, 58, 70, 60]]


>>> cnt[bad, :][:, bad]
array([[0, 1, 0, 0, 1, 0],
       [1, 0, 1, 0, 0, 0],
       [0, 0, 0, 1, 0, 1],
       [0, 1, 0, 0, 1, 0],
       [0, 0, 0, 1, 0, 1],
       [1, 0, 1, 0, 0, 0]])
>>> bad
[7, 8, 21, 33, 35, 50]


-----

cnt=np.zeros((90, 90), int)
for u, vs in enumerate(graph):
    cnt[u, vs] += 1
sorted(set(np.argwhere(cnt - cnt.T).ravel().tolist()))

-----

start: 19
rooms: [0, 1, 1, 0, 0, 0, 0, 3, 0, 1, 1, 3, 1, 1, 1, 0, 1, 0, 3, 0, 0, 2, 0, 3, 1, 1, 2, 0, 3, 3, 2, 3, 2, 2, 1, 2, 1, 0, 1, 0, 3, 2, 2, 0, 2, 1, 1, 3, 0, 1, 1, 3, 3, 0, 3, 3, 3, 3, 0, 2, 3, 0, 2, 1, 1, 0, 3, 0, 2, 0, 2, 1, 2, 3, 0, 2, 3, 2, 0, 2, 2, 3, 1, 1, 1, 3, 1, 2, 2, 2]
graph: [[1, 2, 3, 2, 4, 5], [6, 7, 8, 0, 9, 10], [11, 7, 12, 0, 10, 0], [13, 14, 15, 16, 17, 6], [18, 19, 17, 0, 20, 19], [21, 22, 23, 24, 25, 0], [26, 27, 28, 1, 10, 3], [29, 2, 30, 31, 32, 1], [20, 8, 33, 34, 20, 1], [35, 1, 36, 37, 38, 36], [2, 6, 39, 40, 20, 1], [41, 29, 12, 42, 2, 43], [2, 44, 11, 45, 29, 46], [43, 47, 48, 3, 49, 50], [23, 51, 45, 15, 25, 3], [24, 16, 0, 14, 19, 43], [28, 47, 46, 3, 50, 15], [52, 4, 19, 3, 53, 4], [54, 55, 56, 57, 53, 4], [56, 17, 4, 15, 58, 17], [8, 52, 8, 10, 33, 4], [59, 5, 60, 59, 61, 62], [63, 64, 32, 54, 5, 65], [35, 66, 46, 44, 14, 5], [5, 51, 67, 15, 63, 25], [14, 5, 65, 31, 58, 24], [68, 6, 57, 68, 69, 70], [49, 71, 72, 73, 6, 74], [75, 76, 45, 77, 16, 6], [11, 12, 73, 78, 7, 42], [51, 7, 60, 79, 62, 37], [7, 75, 33, 80, 25, 65], [7, 47, 57, 68, 70, 22], [8, 69, 20, 81, 82, 31], [83, 61, 84, 8, 49, 85], [77, 23, 81, 55, 9, 41], [9, 80, 65, 9, 86, 36], [9, 83, 30, 55, 43, 39], [64, 69, 82, 48, 9, 60], [40, 73, 10, 84, 83, 37], [51, 41, 80, 87, 10, 39], [44, 11, 40, 54, 63, 35], [45, 75, 70, 29, 11, 71], [88, 37, 11, 13, 50, 15], [12, 41, 89, 66, 23, 83], [14, 42, 28, 46, 76, 12], [16, 77, 23, 12, 66, 45], [66, 16, 32, 81, 72, 13], [53, 67, 87, 38, 58, 13], [75, 13, 82, 27, 34, 82], [16, 43, 74, 81, 53, 13], [76, 14, 72, 40, 30, 24], [73, 54, 52, 85, 20, 17], [67, 18, 48, 50, 80, 17], [18, 22, 41, 52, 65, 76], [56, 37, 35, 18, 74, 66], [55, 73, 18, 60, 58, 19], [83, 86, 18, 26, 62, 32], [48, 56, 67, 25, 87, 19], [59, 72, 64, 59, 21, 21], [71, 38, 56, 21, 89, 30], [21, 66, 87, 34, 70, 89], [69, 21, 77, 30, 57, 78], [41, 24, 84, 22, 86, 84], [85, 77, 59, 74, 22, 38], [31, 54, 25, 36, 71, 22], [23, 46, 55, 61, 47, 44], [58, 48, 80, 86, 53, 24], [68, 32, 83, 68, 26, 26], [26, 76, 33, 38, 62, 70], [61, 26, 42, 32, 85, 69], [60, 42, 79, 65, 27, 86], [47, 51, 85, 59, 89, 27], [52, 27, 75, 56, 39, 29], [81, 55, 50, 82, 64, 27], [42, 28, 31, 73, 49, 75], [28, 45, 54, 69, 51, 77], [46, 35, 62, 76, 28, 64], [88, 29, 80, 86, 89, 62], [79, 30, 71, 79, 88, 88], [67, 78, 53, 31, 36, 40], [47, 35, 87, 33, 50, 74], [49, 33, 74, 49, 38, 84], [57, 44, 68, 39, 37, 34], [63, 87, 39, 63, 34, 82], [64, 34, 52, 88, 70, 72], [71, 78, 36, 67, 63, 57], [48, 61, 58, 40, 84, 81], [79, 43, 85, 79, 78, 89], [78, 88, 44, 72, 60, 61]]


---

start: 41
rooms: [1, 2, 1, 2, 3, 2, 0, 3, 2, 2, 2, 2, 3, 2, 3, 1, 2, 1, 3, 2, 3, 0, 0, 2, 3, 1, 1, 3, 1, 3, 0, 2, 3, 0, 0, 3, 2, 3, 1, 2, 3, 0, 2, 0, 0, 0, 0, 3, 0, 3, 1, 2, 1, 0, 2, 2, 1, 0, 3, 1, 1, 1, 1, 1, 0, 0, 3, 3, 0, 0, 1, 1]
graph: [[1, 2, 2, 3, 4, 5], [6, 0, 7, 8, 7, 9], [10, 0, 0, 11, 12, 8], [13, 14, 0, 15, 16, 17], [18, 19, 20, 0, 5, 21], [10, 22, 4, 0, 23, 12], [9, 24, 25, 1, 26, 27], [28, 1, 28, 29, 9, 1], [1, 30, 18, 2, 31, 18], [32, 25, 7, 1, 33, 6], [34, 2, 35, 5, 35, 36], [16, 37, 2, 38, 39, 25], [4, 5, 40, 2, 19, 41], [40, 22, 42, 27, 3, 43], [44, 14, 22, 3, 24, 45], [33, 46, 31, 3, 24, 33], [47, 48, 3, 49, 11, 44], [3, 21, 50, 51, 34, 30], [12, 8, 47, 52, 8, 53], [54, 48, 12, 52, 55, 4], [56, 57, 33, 41, 4, 39], [40, 4, 43, 57, 55, 17], [5, 48, 13, 30, 14, 25], [5, 41, 58, 33, 59, 60], [44, 6, 14, 32, 31, 15], [11, 41, 25, 9, 6, 22], [60, 6, 49, 47, 57, 27], [61, 26, 13, 58, 6, 36], [43, 7, 61, 62, 7, 31], [63, 54, 63, 7, 51, 54], [8, 22, 39, 48, 37, 17], [8, 53, 24, 64, 15, 28], [56, 61, 39, 24, 34, 9], [9, 15, 23, 15, 65, 20], [36, 58, 17, 10, 61, 32], [60, 10, 60, 35, 36, 10], [27, 50, 35, 10, 65, 34], [43, 66, 30, 11, 58, 46], [65, 57, 55, 11, 67, 65], [20, 30, 11, 32, 42, 68], [61, 46, 64, 21, 12, 13], [20, 12, 68, 46, 23, 25], [39, 66, 52, 59, 13, 50], [37, 45, 13, 21, 28, 67], [14, 57, 16, 53, 60, 24], [59, 43, 56, 14, 53, 47], [15, 68, 61, 37, 41, 40], [26, 45, 65, 53, 18, 16], [19, 30, 16, 22, 66, 50], [26, 56, 16, 67, 69, 51], [42, 53, 17, 36, 69, 48], [49, 17, 29, 54, 64, 69], [54, 52, 52, 42, 18, 19], [47, 18, 44, 45, 31, 50], [69, 52, 29, 19, 29, 51], [19, 21, 67, 65, 38, 63], [63, 69, 32, 20, 45, 49], [38, 44, 26, 66, 21, 20], [68, 34, 37, 27, 23, 59], [64, 45, 23, 42, 58, 64], [44, 35, 26, 70, 35, 23], [28, 34, 27, 40, 46, 32], [71, 28, 70, 70, 62, 62], [68, 29, 56, 71, 29, 55], [51, 59, 31, 59, 64, 40], [36, 38, 55, 38, 33, 47], [68, 37, 48, 42, 67, 57], [43, 69, 66, 49, 55, 38], [66, 46, 39, 41, 63, 58], [51, 67, 50, 54, 56, 49], [62, 60, 71, 71, 71, 71], [70, 63, 62, 62, 70, 70]]

---

start: 44
rooms: [2, 2, 2, 3, 0, 3, 1, 1, 3, 0, 3, 3, 1, 0, 0, 0, 0, 1, 2, 0, 3, 3, 0, 1, 2, 3, 2, 2, 1, 2, 1, 1, 0, 3, 1, 1, 2, 2, 1, 3, 2, 2, 1, 0, 0, 0, 0, 1, 3, 0, 1, 3, 0, 1]
graph: [[1, 2, 3, 4, 5, 6], [7, 8, 9, 10, 0, 11], [12, 0, 13, 14, 15, 16], [17, 18, 19, 20, 0, 21], [0, 22, 23, 24, 25, 26], [27, 28, 0, 29, 16, 30], [0, 21, 31, 22, 32, 31], [33, 23, 14, 34, 1, 12], [35, 1, 22, 10, 36, 20], [34, 14, 37, 1, 38, 15], [25, 39, 31, 1, 8, 33], [1, 23, 40, 41, 32, 12], [2, 7, 11, 17, 42, 43], [40, 44, 28, 41, 33, 2], [7, 43, 2, 27, 30, 45], [46, 2, 45, 19, 9, 45], [19, 31, 2, 5, 33, 17], [16, 42, 35, 12, 30, 3], [47, 3, 43, 21, 36, 48], [49, 29, 3, 50, 16, 15], [51, 8, 50, 27, 3, 51], [33, 3, 6, 18, 39, 25], [4, 24, 8, 6, 52, 45], [41, 11, 53, 4, 53, 7], [48, 53, 41, 41, 4, 22], [10, 32, 4, 21, 33, 47], [38, 36, 4, 43, 45, 52], [34, 39, 14, 20, 40, 5], [29, 5, 28, 13, 28, 34], [5, 28, 29, 29, 49, 19], [37, 47, 5, 35, 17, 14], [36, 10, 6, 44, 16, 6], [44, 6, 37, 11, 25, 42], [21, 16, 13, 10, 25, 7], [51, 28, 9, 47, 27, 38], [52, 17, 42, 30, 38, 8], [18, 26, 8, 49, 48, 31], [30, 40, 49, 9, 46, 32], [26, 34, 48, 42, 35, 9], [42, 27, 44, 21, 40, 10], [27, 37, 39, 13, 11, 50], [11, 23, 24, 24, 13, 44], [32, 35, 17, 38, 12, 39], [47, 9, 26, 18, 12, 46], [13, 41, 39, 31, 32, 46], [15, 26, 46, 22, 14, 15], [45, 37, 15, 44, 43, 46], [25, 53, 43, 7, 18, 30], [18, 53, 36, 24, 52, 38], [36, 19, 53, 29, 51, 37], [40, 20, 50, 19, 52, 50], [20, 52, 49, 20, 51, 34], [22, 50, 26, 48, 51, 35], [24, 48, 23, 49, 23, 47]]
*** warning: directed edge 7 --3--> 34 found
*** warning: directed edge 9 --1--> 14 found
*** warning: directed edge 14 --1--> 43 found
*** warning: directed edge 34 --3--> 47 found
*** warning: directed edge 43 --1--> 9 found
*** warning: directed edge 47 --3--> 7 found
guess
222303113033100001203301232212110311221322100001301301
1 4 2 1 3 4 4 0 5 2 6 0
7 4 8 1 9 3 10 3 0 0 11 0
12 0 0 1 13 5 14 2 15 1 16 2
17 5 18 1 19 2 20 4 0 2 21 1
0 3 22 0 23 3 24 4 25 2 26 2
27 5 28 1 0 4 29 0 16 3 30 2
0 5 21 2 31 2 22 3 32 1 31 5
33 5 23 5 14 0 34 3 1 0 12 1
35 5 1 1 22 2 10 4 36 2 20 1
34 2 14 1 37 3 1 2 38 5 15 4
25 0 39 5 31 1 1 3 8 3 33 3
1 5 23 1 40 4 41 0 32 3 12 2
2 0 7 5 11 5 17 3 42 4 43 4
40 3 44 0 28 3 41 4 33 2 2 2
7 2 43 1 2 3 27 2 30 5 45 4
46 2 2 4 45 0 19 5 9 5 45 5
19 4 31 4 2 5 5 4 33 1 17 0
16 5 42 2 35 1 12 3 30 4 3 0
47 4 3 1 43 3 21 3 36 0 48 0
49 1 29 5 3 2 50 3 16 0 15 3
51 0 8 5 50 1 27 3 3 3 51 3
33 0 3 5 6 1 18 3 39 3 25 3
4 1 24 5 8 2 6 3 52 0 45 3
41 1 11 1 53 2 4 2 53 4 7 1
48 3 53 0 41 2 41 3 4 3 22 1
10 0 32 4 4 4 21 5 33 4 47 0
38 0 36 1 4 5 43 2 45 1 52 2
34 4 39 1 14 3 20 3 40 0 5 0
29 1 5 1 28 2 13 2 28 4 34 1
5 3 28 0 29 2 29 3 49 3 19 1
37 0 47 5 5 5 35 3 17 4 14 4
36 5 10 2 6 2 44 3 16 1 6 5
44 4 6 4 37 5 11 4 25 1 42 0
21 0 16 4 13 4 10 5 25 4 7 0
51 5 28 5 9 0 47 3 27 0 38 1
52 5 17 2 42 1 30 3 38 4 8 0
18 4 26 1 8 4 49 0 48 2 31 0
30 0 40 1 49 5 9 2 46 1 32 2
26 0 34 5 48 5 42 3 35 4 9 4
42 5 27 1 44 2 21 4 40 2 10 1
27 4 37 1 39 4 13 0 11 2 50 0
11 3 23 0 24 2 24 3 13 3 44 1
32 5 35 2 17 1 38 3 12 4 39 0
47 2 9 1 26 3 18 2 12 5 46 4
13 1 41 5 39 2 31 3 32 0 46 3
15 2 26 4 46 0 22 5 14 5 15 5
45 2 37 4 15 0 44 5 43 5 46 5
25 5 53 5 43 0 7 3 18 0 30 1
18 5 53 1 36 4 24 0 52 3 38 2
36 3 19 0 53 3 29 4 51 2 37 2
40 5 20 2 50 2 19 3 52 1 50 5
20 0 52 4 49 4 20 5 51 4 34 0
22 4 50 4 26 5 48 4 51 1 35 0
24 1 48 1 23 2 49 2 23 4 47 1

thread 'main' panicked at src/judge.rs:340:17:
assertion `left == right` failed: Graph is not undirected
  left: (47, 3)
 right: (7, 3)
note: run with `RUST_BACKTRACE=1` environment variable to display a backtrace

